mean1: [6.5001999999999995, 6.1648, 3.977325, 6.249568, 5.975877777777778, 4.4128897959183675, 7.069956250000001, 6.941920987654321]
mean2: [15.5124, 26.577333333333332, 20.564375, 14.176495999999998, 21.30632222222222, 24.080057142857143, 28.72200625, 23.960034567901236]
mean3: [6.3225999999999996, 14.688355555555557, 11.430975, 12.152448, 8.045988888888889, 15.499542857142856, 7.96946875, 9.91671111111111]
median1: [5.0, 1.8944444444444444, 1.605625, 1.884, 5.131111111111111, 1.8418367346938775, 3.984921875, 1.8132098765432099]
median2: [12.0375, 27.973333333333333, 20.91, 13.8732, 15.221944444444444, 23.41061224489796, 28.202265625, 25.864506172839505]
median3: [5.8175, 10.39, 9.551875, 9.3406, 7.70625, 13.523775510204082, 6.877890625, 7.137530864197531]
